KXHIGHNY-26AUG09-T97|1786248000|0.0100|0.0000|1.00
KXHIGHNY-26AUG09-T97|1786251600|0.0100|0.0000|0.00
KXHIGHNY-26AUG09-T97|1786255200|0.0100|0.0000|0.00
KXHIGHNY-26AUG09-T90|1786248000|0.1500|0.1300|1627.63
KXHIGHNY-26AUG09-T90|1786251600|0.2300|0.2200|696.46
KXHIGHNY-26AUG09-T90|1786255200|0.2300|0.2100|451.22
KXHIGHNY-26AUG09-B96.5|1786248000|0.0100|0.0000|7.47
KXHIGHNY-26AUG09-B96.5|1786251600|0.0100|0.0000|0.00
KXHIGHNY-26AUG09-B96.5|1786255200|0.0100|0.0000|0.00
KXHIGHNY-26AUG09-B94.5|1786248000|0.0300|0.0200|134.00
KXHIGHNY-26AUG09-B94.5|1786251600|0.0300|0.0200|39.00
KXHIGHNY-26AUG09-B94.5|1786255200|0.0300|0.0200|190.06
KXHIGHNY-26AUG09-B92.5|1786248000|0.2900|0.2800|763.50
KXHIGHNY-26AUG09-B92.5|1786251600|0.2800|0.2700|207.81
KXHIGHNY-26AUG09-B92.5|1786255200|0.2300|0.2200|811.82
KXHIGHNY-26AUG09-B90.5|1786248000|0.5600|0.5200|1359.12
KXHIGHNY-26AUG09-B90.5|1786251600|0.5400|0.5100|80.35
KXHIGHNY-26AUG09-B90.5|1786255200|0.5700|0.5600|674.38
KXHIGHNY-26AUG08-T96|1786161600|0.0100|0.0000|93.51
KXHIGHNY-26AUG08-T96|1786165200|0.0100|0.0000|0.00
KXHIGHNY-26AUG08-T96|1786168800|0.0100|0.0000|0.00
KXHIGHNY-26AUG08-T89|1786161600|0.3900|0.3800|54.84
KXHIGHNY-26AUG08-T89|1786165200|0.3700|0.3600|150.61
KXHIGHNY-26AUG08-T89|1786168800|0.3900|0.3800|630.63
KXHIGHNY-26AUG08-B95.5|1786161600|0.0100|0.0000|93.51
KXHIGHNY-26AUG08-B95.5|1786165200|0.0100|0.0000|0.00
KXHIGHNY-26AUG08-B93.5|1786161600|0.0300|0.0200|31.31
KXHIGHNY-26AUG08-B93.5|1786165200|0.0300|0.0200|11.10
KXHIGHNY-26AUG08-B93.5|1786168800|0.0300|0.0200|24.58
KXHIGHNY-26AUG08-B91.5|1786161600|0.1300|0.1100|208.41
KXHIGHNY-26AUG08-B91.5|1786165200|0.1400|0.1100|218.55
KXHIGHNY-26AUG08-B91.5|1786168800|0.1100|0.0900|461.96
KXHIGHNY-26AUG08-B89.5|1786161600|0.5000|0.4800|699.28
KXHIGHNY-26AUG08-B89.5|1786165200|0.5100|0.5000|348.56
KXHIGHNY-26AUG08-B89.5|1786168800|0.5100|0.4900|290.95
KXHIGHNY-26AUG07-T96|1786075200|0.0100|0.0000|51.11
KXHIGHNY-26AUG07-T96|1786078800|0.0100|0.0000|5.00
KXHIGHNY-26AUG07-T96|1786082400|0.0100|0.0000|0.00
KXHIGHNY-26AUG07-T89|1786075200|0.2300|0.2200|90.11
KXHIGHNY-26AUG07-T89|1786078800|0.2500|0.2400|919.76
KXHIGHNY-26AUG07-T89|1786082400|0.2300|0.2100|75.47
KXHIGHNY-26AUG07-B95.5|1786075200|0.0100|0.0000|50.24
KXHIGHNY-26AUG07-B95.5|1786078800|0.0100|0.0000|0.00
KXHIGHNY-26AUG07-B95.5|1786082400|0.0100|0.0000|0.00
KXHIGHNY-26AUG07-B93.5|1786075200|0.0400|0.0300|652.63
KXHIGHNY-26AUG07-B93.5|1786078800|0.0500|0.0400|100.03
KXHIGHNY-26AUG07-B93.5|1786082400|0.0400|0.0300|122.44
KXHIGHNY-26AUG07-B91.5|1786075200|0.1800|0.1700|88.40
KXHIGHNY-26AUG07-B91.5|1786078800|0.2200|0.1900|270.49
KXHIGHNY-26AUG07-B91.5|1786082400|0.2300|0.2100|392.46
KXHIGHNY-26AUG07-B89.5|1786075200|0.6200|0.5900|814.41
KXHIGHNY-26AUG07-B89.5|1786078800|0.5500|0.5200|316.24
KXHIGHNY-26AUG07-B89.5|1786082400|0.5900|0.5700|362.03
KXHIGHNY-26AUG06-T95|1785988800|0.0100|0.0000|93.51
KXHIGHNY-26AUG06-T95|1785992400|0.0100|0.0000|0.00
KXHIGHNY-26AUG06-T95|1785996000|0.0100|0.0000|0.00
KXHIGHNY-26AUG06-T88|1785988800|0.1800|0.1700|442.94
KXHIGHNY-26AUG06-T88|1785992400|0.1800|0.1700|958.01
KXHIGHNY-26AUG06-T88|1785996000|0.1800|0.1700|275.79
KXHIGHNY-26AUG06-B94.5|1785988800|0.0100|0.0000|93.51
KXHIGHNY-26AUG06-B94.5|1785992400|0.0100|0.0000|9.35
KXHIGHNY-26AUG06-B94.5|1785996000|0.0100|0.0000|46.75
KXHIGHNY-26AUG06-B92.5|1785988800|0.0500|0.0200|149.35
KXHIGHNY-26AUG06-B92.5|1785992400|0.0500|0.0300|427.97
KXHIGHNY-26AUG06-B92.5|1785996000|0.0400|0.0200|36.95
KXHIGHNY-26AUG06-B90.5|1785988800|0.3000|0.2900|513.82
KXHIGHNY-26AUG06-B90.5|1785992400|0.2700|0.2600|306.64
KXHIGHNY-26AUG06-B90.5|1785996000|0.3400|0.3300|1270.82
KXHIGHNY-26AUG06-B88.5|1785988800|0.5700|0.5300|970.75
KXHIGHNY-26AUG06-B88.5|1785992400|0.5700|0.5400|877.85
KXHIGHNY-26AUG06-B88.5|1785996000|0.5000|0.4900|392.04
KXHIGHNY-26AUG05-T87|1785902400|0.0100|0.0000|0.00
KXHIGHNY-26AUG05-T87|1785906000|0.0100|0.0000|0.00
KXHIGHNY-26AUG05-T87|1785909600|0.0100|0.0000|23.37
KXHIGHNY-26AUG05-T80|1785902400|0.0400|0.0300|26.89
KXHIGHNY-26AUG05-T80|1785906000|0.0500|0.0300|195.51
KXHIGHNY-26AUG05-T80|1785909600|0.0400|0.0300|301.88
KXHIGHNY-26AUG05-B86.5|1785902400|0.0500|0.0400|314.43
KXHIGHNY-26AUG05-B86.5|1785906000|0.0500|0.0300|147.42
KXHIGHNY-26AUG05-B86.5|1785909600|0.0400|0.0300|931.03
KXHIGHNY-26AUG05-B84.5|1785902400|0.2600|0.2500|430.97
KXHIGHNY-26AUG05-B84.5|1785906000|0.2500|0.2200|756.09
KXHIGHNY-26AUG05-B84.5|1785909600|0.1800|0.1700|447.56
KXHIGHNY-26AUG05-B82.5|1785902400|0.5800|0.5700|501.30
KXHIGHNY-26AUG05-B82.5|1785906000|0.5400|0.5000|600.37
KXHIGHNY-26AUG05-B82.5|1785909600|0.5700|0.5400|742.75
KXHIGHNY-26AUG05-B80.5|1785902400|0.1300|0.1200|291.79
KXHIGHNY-26AUG05-B80.5|1785906000|0.1800|0.1700|573.51
KXHIGHNY-26AUG05-B80.5|1785909600|0.2300|0.2200|227.24
KXHIGHNY-26AUG04-T88|1785816000|0.0200|0.0100|37.00
KXHIGHNY-26AUG04-T88|1785819600|0.0200|0.0100|61.20
KXHIGHNY-26AUG04-T88|1785823200|0.0200|0.0000|120.47
KXHIGHNY-26AUG04-T81|1785816000|0.0700|0.0600|375.37
KXHIGHNY-26AUG04-T81|1785819600|0.0700|0.0600|552.30
KXHIGHNY-26AUG04-T81|1785823200|0.0700|0.0500|206.39
KXHIGHNY-26AUG04-B87.5|1785816000|0.0200|0.0100|0.00
KXHIGHNY-26AUG04-B87.5|1785819600|0.0200|0.0100|64.20
KXHIGHNY-26AUG04-B87.5|1785823200|0.0200|0.0100|1187.00
KXHIGHNY-26AUG04-B85.5|1785816000|0.1200|0.1100|10.00
KXHIGHNY-26AUG04-B85.5|1785819600|0.1600|0.1500|880.15
KXHIGHNY-26AUG04-B85.5|1785823200|0.1000|0.0900|1481.14
KXHIGHNY-26AUG04-B83.5|1785816000|0.5000|0.4900|258.36
KXHIGHNY-26AUG04-B83.5|1785819600|0.5000|0.4900|283.56
KXHIGHNY-26AUG04-B83.5|1785823200|0.4500|0.4400|2672.51
KXHIGHNY-26AUG04-B81.5|1785816000|0.3600|0.3500|39.56
KXHIGHNY-26AUG04-B81.5|1785819600|0.3300|0.3100|574.50
KXHIGHNY-26AUG04-B81.5|1785823200|0.3200|0.3100|189.58
KXHIGHCHI-26AUG09-T90|1786251600|0.0300|0.0200|0.00
KXHIGHCHI-26AUG09-T90|1786255200|0.0300|0.0200|0.00
KXHIGHCHI-26AUG09-T90|1786258800|0.0300|0.0200|0.00
KXHIGHCHI-26AUG09-T83|1786251600|0.2700|0.2600|2.00
KXHIGHCHI-26AUG09-T83|1786255200|0.2200|0.2100|71.21
KXHIGHCHI-26AUG09-T83|1786258800|0.2100|0.2000|8.49
KXHIGHCHI-26AUG09-B89.5|1786251600|0.0600|0.0500|1.00
KXHIGHCHI-26AUG09-B89.5|1786255200|0.0600|0.0500|0.00
KXHIGHCHI-26AUG09-B89.5|1786258800|0.0500|0.0300|420.00
KXHIGHCHI-26AUG09-B87.5|1786251600|0.1400|0.1300|4.00
KXHIGHCHI-26AUG09-B87.5|1786255200|0.1400|0.1300|47.00
KXHIGHCHI-26AUG09-B87.5|1786258800|0.1800|0.1700|473.63
KXHIGHCHI-26AUG09-B85.5|1786251600|0.3000|0.2800|127.98
KXHIGHCHI-26AUG09-B85.5|1786255200|0.3000|0.2700|83.52
KXHIGHCHI-26AUG09-B85.5|1786258800|0.3300|0.3100|163.73
KXHIGHCHI-26AUG09-B83.5|1786251600|0.2800|0.2700|64.67
KXHIGHCHI-26AUG09-B83.5|1786255200|0.3000|0.2900|84.15
KXHIGHCHI-26AUG09-B83.5|1786258800|0.2900|0.2800|101.49
KXHIGHCHI-26AUG08-T88|1786165200|0.0200|0.0100|0.00
KXHIGHCHI-26AUG08-T88|1786168800|0.0200|0.0100|0.00
KXHIGHCHI-26AUG08-T88|1786172400|0.0200|0.0100|132.00
KXHIGHCHI-26AUG08-T81|1786165200|0.0300|0.0200|0.00
KXHIGHCHI-26AUG08-T81|1786168800|0.0300|0.0200|0.00
KXHIGHCHI-26AUG08-T81|1786172400|0.0500|0.0300|392.54
KXHIGHCHI-26AUG08-B87.5|1786165200|0.2100|0.1700|25.00
KXHIGHCHI-26AUG08-B87.5|1786168800|0.1800|0.1700|0.00
KXHIGHCHI-26AUG08-B87.5|1786172400|0.2500|0.2400|596.39
KXHIGHCHI-26AUG08-B85.5|1786165200|0.4000|0.3900|129.48
KXHIGHCHI-26AUG08-B85.5|1786168800|0.4500|0.4300|145.85
KXHIGHCHI-26AUG08-B85.5|1786172400|0.3900|0.3800|395.85
KXHIGHCHI-26AUG08-B83.5|1786165200|0.3400|0.3300|90.54
KXHIGHCHI-26AUG08-B83.5|1786168800|0.3300|0.3200|71.67
KXHIGHCHI-26AUG08-B83.5|1786172400|0.3300|0.3200|113.00
KXHIGHCHI-26AUG08-B81.5|1786165200|0.0900|0.0700|25.10
KXHIGHCHI-26AUG08-B81.5|1786168800|0.0900|0.0800|111.32
KXHIGHCHI-26AUG08-B81.5|1786172400|0.0800|0.0600|223.94
KXHIGHCHI-26AUG07-T89|1786078800|0.0200|0.0100|5.00
KXHIGHCHI-26AUG07-T89|1786082400|0.0200|0.0100|5.00
KXHIGHCHI-26AUG07-T89|1786086000|0.0200|0.0100|25.00
KXHIGHCHI-26AUG07-T82|1786078800|0.0200|0.0100|11.00
KXHIGHCHI-26AUG07-T82|1786082400|0.0300|0.0200|154.00
KXHIGHCHI-26AUG07-T82|1786086000|0.0300|0.0200|25.00
KXHIGHCHI-26AUG07-B88.5|1786078800|0.0600|0.0500|5.00
KXHIGHCHI-26AUG07-B88.5|1786082400|0.0700|0.0600|42.45
KXHIGHCHI-26AUG07-B88.5|1786086000|0.0800|0.0400|780.74
KXHIGHCHI-26AUG07-B86.5|1786078800|0.5500|0.5400|406.86
KXHIGHCHI-26AUG07-B86.5|1786082400|0.5200|0.5100|51.05
KXHIGHCHI-26AUG07-B86.5|1786086000|0.4500|0.4300|367.93
KXHIGHCHI-26AUG07-B84.5|1786078800|0.3500|0.3300|83.83
KXHIGHCHI-26AUG07-B84.5|1786082400|0.3300|0.3200|51.06
KXHIGHCHI-26AUG07-B84.5|1786086000|0.3800|0.3700|258.21
KXHIGHCHI-26AUG07-B82.5|1786078800|0.0900|0.0800|10.00
KXHIGHCHI-26AUG07-B82.5|1786082400|0.0900|0.0800|30.22
KXHIGHCHI-26AUG07-B82.5|1786086000|0.0900|0.0800|0.00
KXHIGHLAX-26AUG09-T82|1786258800|0.0200|0.0100|621.37
KXHIGHLAX-26AUG09-T82|1786262400|0.0200|0.0100|232.58
KXHIGHLAX-26AUG09-T82|1786266000|0.0200|0.0100|559.38
KXHIGHLAX-26AUG09-T75|1786258800|0.0100|0.0000|280.55
KXHIGHLAX-26AUG09-T75|1786262400|0.0100|0.0000|0.00
KXHIGHLAX-26AUG09-T75|1786266000|0.0100|0.0000|0.00
KXHIGHLAX-26AUG09-B81.5|1786258800|0.2600|0.2500|633.72
KXHIGHLAX-26AUG09-B81.5|1786262400|0.2600|0.2500|315.58
KXHIGHLAX-26AUG09-B81.5|1786266000|0.2700|0.2500|858.89
KXHIGHLAX-26AUG09-B79.5|1786258800|0.7000|0.6900|2189.90
KXHIGHLAX-26AUG09-B79.5|1786262400|0.6800|0.6700|257.44
KXHIGHLAX-26AUG09-B79.5|1786266000|0.6500|0.6400|202.54
KXHIGHLAX-26AUG09-B77.5|1786258800|0.0900|0.0800|1701.69
KXHIGHLAX-26AUG09-B77.5|1786262400|0.0900|0.0800|137.38
KXHIGHLAX-26AUG09-B77.5|1786266000|0.1200|0.1100|166.19
KXHIGHLAX-26AUG09-B75.5|1786258800|0.0100|0.0000|0.00
KXHIGHLAX-26AUG09-B75.5|1786262400|0.0100|0.0000|0.00
KXHIGHLAX-26AUG09-B75.5|1786266000|0.0100|0.0000|0.00
KXHIGHLAX-26AUG08-T81|1786172400|0.0500|0.0400|736.44
KXHIGHLAX-26AUG08-T81|1786176000|0.0600|0.0500|2049.82
KXHIGHLAX-26AUG08-T81|1786179600|0.0600|0.0500|2181.18
KXHIGHLAX-26AUG08-T74|1786172400|0.0100|0.0000|0.00
KXHIGHLAX-26AUG08-T74|1786176000|0.0100|0.0000|0.00
KXHIGHLAX-26AUG08-T74|1786179600|0.0100|0.0000|0.00
KXHIGHLAX-26AUG08-B80.5|1786172400|0.4700|0.4500|274.19
KXHIGHLAX-26AUG08-B80.5|1786176000|0.4700|0.4600|242.70
KXHIGHLAX-26AUG08-B80.5|1786179600|0.4600|0.4500|471.83
KXHIGHLAX-26AUG08-B78.5|1786172400|0.5100|0.5000|285.16
KXHIGHLAX-26AUG08-B78.5|1786176000|0.5100|0.5000|412.21
KXHIGHLAX-26AUG08-B78.5|1786179600|0.5100|0.5000|311.24
KXHIGHLAX-26AUG08-B76.5|1786172400|0.0400|0.0300|178.15
KXHIGHLAX-26AUG08-B76.5|1786176000|0.0400|0.0300|39.67
KXHIGHLAX-26AUG08-B76.5|1786179600|0.0300|0.0200|280.77
KXHIGHLAX-26AUG08-B74.5|1786172400|0.0100|0.0000|0.00
KXHIGHLAX-26AUG08-B74.5|1786176000|0.0100|0.0000|100.00
KXHIGHLAX-26AUG08-B74.5|1786179600|0.0100|0.0000|0.00
KXHIGHLAX-26AUG07-T82|1786086000|0.0100|0.0000|1177.55
KXHIGHLAX-26AUG07-T82|1786089600|0.0100|0.0000|336.91
KXHIGHLAX-26AUG07-T82|1786093200|0.0200|0.0000|678.83
KXHIGHLAX-26AUG07-T75|1786086000|0.0100|0.0000|0.00
KXHIGHLAX-26AUG07-T75|1786089600|0.0100|0.0000|0.00
KXHIGHLAX-26AUG07-T75|1786093200|0.0100|0.0000|0.00
KXHIGHLAX-26AUG07-B81.5|1786086000|0.0400|0.0300|1227.37
KXHIGHLAX-26AUG07-B81.5|1786089600|0.0500|0.0400|573.63
KXHIGHLAX-26AUG07-B81.5|1786093200|0.0400|0.0300|118.25
KXHIGHLAX-26AUG07-B79.5|1786086000|0.4600|0.4500|149.36
KXHIGHLAX-26AUG07-B79.5|1786089600|0.4400|0.4300|643.57
KXHIGHLAX-26AUG07-B79.5|1786093200|0.4600|0.4300|528.02
KXHIGHLAX-26AUG07-B77.5|1786086000|0.5300|0.5200|1572.16
KXHIGHLAX-26AUG07-B77.5|1786089600|0.5000|0.4900|474.49
KXHIGHLAX-26AUG07-B77.5|1786093200|0.5100|0.4900|522.79
KXHIGHLAX-26AUG07-B75.5|1786086000|0.0200|0.0100|51.10
KXHIGHLAX-26AUG07-B75.5|1786089600|0.0200|0.0100|54.30
KXHIGHLAX-26AUG07-B75.5|1786093200|0.0200|0.0100|25.00
KXHIGHMIA-26AUG09-T94|1786248000|0.0200|0.0100|0.00
KXHIGHMIA-26AUG09-T94|1786251600|0.0200|0.0100|2.00
KXHIGHMIA-26AUG09-T94|1786255200|0.0200|0.0100|2.00
KXHIGHMIA-26AUG09-T87|1786248000|0.0100|0.0000|1.00
KXHIGHMIA-26AUG09-T87|1786251600|0.0100|0.0000|0.00
KXHIGHMIA-26AUG09-B93.5|1786248000|0.2300|0.2200|232.45
KXHIGHMIA-26AUG09-B93.5|1786251600|0.2300|0.2200|375.26
KXHIGHMIA-26AUG09-B93.5|1786255200|0.2400|0.2200|498.82
KXHIGHMIA-26AUG09-B91.5|1786248000|0.6200|0.6100|22.25
KXHIGHMIA-26AUG09-B91.5|1786251600|0.6800|0.6600|419.54
KXHIGHMIA-26AUG09-B91.5|1786255200|0.6600|0.6300|345.51
KXHIGHMIA-26AUG09-B89.5|1786248000|0.1300|0.1200|155.00
KXHIGHMIA-26AUG09-B89.5|1786251600|0.1200|0.1100|343.13
KXHIGHMIA-26AUG09-B89.5|1786255200|0.1300|0.1200|371.54
KXHIGHMIA-26AUG09-B87.5|1786248000|0.0100|0.0000|0.00
KXHIGHMIA-26AUG09-B87.5|1786251600|0.0100|0.0000|0.00
KXHIGHMIA-26AUG08-T94|1786161600|0.0200|0.0100|0.00
KXHIGHMIA-26AUG08-T94|1786165200|0.0200|0.0100|107.05
KXHIGHMIA-26AUG08-T94|1786168800|0.0200|0.0100|25.00
KXHIGHMIA-26AUG08-T87|1786161600|0.0100|0.0000|0.00
KXHIGHMIA-26AUG08-T87|1786165200|0.0100|0.0000|0.00
KXHIGHMIA-26AUG08-B93.5|1786161600|0.3700|0.3400|428.83
KXHIGHMIA-26AUG08-B93.5|1786165200|0.3300|0.3200|257.47
KXHIGHMIA-26AUG08-B93.5|1786168800|0.3400|0.3300|47.24
KXHIGHMIA-26AUG08-B91.5|1786161600|0.5600|0.5500|202.71
KXHIGHMIA-26AUG08-B91.5|1786165200|0.6000|0.5900|666.45
KXHIGHMIA-26AUG08-B91.5|1786168800|0.6000|0.5900|107.48
KXHIGHMIA-26AUG08-B89.5|1786161600|0.1200|0.1100|43.03
KXHIGHMIA-26AUG08-B89.5|1786165200|0.1100|0.1000|875.88
KXHIGHMIA-26AUG08-B89.5|1786168800|0.1000|0.0900|36.80
KXHIGHMIA-26AUG08-B87.5|1786161600|0.0200|0.0100|16.00
KXHIGHMIA-26AUG08-B87.5|1786165200|0.0100|0.0000|54.90
KXHIGHMIA-26AUG07-T93|1786075200|0.0300|0.0200|44.08
KXHIGHMIA-26AUG07-T93|1786078800|0.0300|0.0200|132.76
KXHIGHMIA-26AUG07-T93|1786082400|0.0300|0.0200|0.00
KXHIGHMIA-26AUG07-T86|1786075200|0.0100|0.0000|5.00
KXHIGHMIA-26AUG07-T86|1786078800|0.0100|0.0000|5.00
KXHIGHMIA-26AUG07-T86|1786082400|0.0100|0.0000|143.66
KXHIGHMIA-26AUG07-B92.5|1786075200|0.1500|0.1300|37.08
KXHIGHMIA-26AUG07-B92.5|1786078800|0.2200|0.1900|1020.60
KXHIGHMIA-26AUG07-B92.5|1786082400|0.2800|0.2500|324.05
KXHIGHMIA-26AUG07-B90.5|1786075200|0.6200|0.6100|597.64
KXHIGHMIA-26AUG07-B90.5|1786078800|0.6000|0.5900|77.02
KXHIGHMIA-26AUG07-B90.5|1786082400|0.5800|0.5600|215.94
KXHIGHMIA-26AUG07-B88.5|1786075200|0.2200|0.2100|393.15
KXHIGHMIA-26AUG07-B88.5|1786078800|0.2100|0.2000|154.54
KXHIGHMIA-26AUG07-B88.5|1786082400|0.1400|0.1200|387.15
KXHIGHMIA-26AUG07-B86.5|1786075200|0.0300|0.0200|44.08
KXHIGHMIA-26AUG07-B86.5|1786078800|0.0200|0.0100|106.07
KXHIGHMIA-26AUG07-B86.5|1786082400|0.0200|0.0100|12.25
KXHIGHDEN-26AUG09-T94|1786255200|0.0200|0.0100|0.00
KXHIGHDEN-26AUG09-T94|1786258800|0.0200|0.0100|44.00
KXHIGHDEN-26AUG09-T94|1786262400|0.0200|0.0100|2.00
KXHIGHDEN-26AUG09-T101|1786258800|0.0200|0.0100|4.00
KXHIGHDEN-26AUG09-T101|1786262400|0.0200|0.0100|2.00
KXHIGHDEN-26AUG09-B98.5|1786255200|0.5400|0.5300|16.00
KXHIGHDEN-26AUG09-B98.5|1786258800|0.5500|0.5300|16.00
KXHIGHDEN-26AUG09-B98.5|1786262400|0.5400|0.5300|32.75
KXHIGHDEN-26AUG09-B96.5|1786255200|0.3700|0.3600|1.00
KXHIGHDEN-26AUG09-B96.5|1786258800|0.3800|0.3700|31.11
KXHIGHDEN-26AUG09-B96.5|1786262400|0.3400|0.3200|376.44
KXHIGHDEN-26AUG09-B94.5|1786255200|0.0500|0.0400|0.00
KXHIGHDEN-26AUG09-B94.5|1786258800|0.0400|0.0300|4.00
KXHIGHDEN-26AUG09-B94.5|1786262400|0.0400|0.0200|359.08
KXHIGHDEN-26AUG09-B100.5|1786255200|0.0900|0.0800|0.00
KXHIGHDEN-26AUG09-B100.5|1786258800|0.1000|0.0900|23.68
KXHIGHDEN-26AUG09-B100.5|1786262400|0.1000|0.0900|12.92
KXHIGHDEN-26AUG08-T96|1786168800|0.0200|0.0000|0.00
KXHIGHDEN-26AUG08-T96|1786172400|0.0100|0.0000|0.00
KXHIGHDEN-26AUG08-T103|1786168800|0.0300|0.0100|0.00
KXHIGHDEN-26AUG08-T103|1786172400|0.0200|0.0100|60.56
KXHIGHDEN-26AUG08-T103|1786176000|0.0200|0.0100|25.00
KXHIGHDEN-26AUG08-B98.5|1786168800|0.3800|0.3600|305.48
KXHIGHDEN-26AUG08-B98.5|1786172400|0.3800|0.3700|0.00
KXHIGHDEN-26AUG08-B98.5|1786176000|0.3700|0.3600|100.00
KXHIGHDEN-26AUG08-B96.5|1786168800|0.0500|0.0400|0.00
KXHIGHDEN-26AUG08-B96.5|1786172400|0.0500|0.0400|0.00
KXHIGHDEN-26AUG08-B96.5|1786176000|0.0600|0.0500|7.18
KXHIGHDEN-26AUG08-B102.5|1786168800|0.1400|0.1300|216.09
KXHIGHDEN-26AUG08-B102.5|1786172400|0.1300|0.1200|70.82
KXHIGHDEN-26AUG08-B102.5|1786176000|0.1200|0.1000|202.20
KXHIGHDEN-26AUG08-B100.5|1786168800|0.4200|0.4100|149.70
KXHIGHDEN-26AUG08-B100.5|1786172400|0.4600|0.4500|144.00
KXHIGHDEN-26AUG08-B100.5|1786176000|0.4500|0.4400|17.00
KXHIGHDEN-26AUG07-T93|1786082400|0.0200|0.0100|0.00
KXHIGHDEN-26AUG07-T93|1786086000|0.0200|0.0100|0.00
KXHIGHDEN-26AUG07-T93|1786089600|0.0200|0.0100|39.00
KXHIGHDEN-26AUG07-T100|1786082400|0.0500|0.0400|0.00
KXHIGHDEN-26AUG07-T100|1786086000|0.0500|0.0400|0.00
KXHIGHDEN-26AUG07-T100|1786089600|0.0600|0.0500|357.00
KXHIGHDEN-26AUG07-B99.5|1786082400|0.1500|0.1200|0.00
KXHIGHDEN-26AUG07-B99.5|1786086000|0.1500|0.1100|3.00
KXHIGHDEN-26AUG07-B99.5|1786089600|0.0900|0.0800|49.18
KXHIGHDEN-26AUG07-B97.5|1786082400|0.4700|0.4600|79.86
KXHIGHDEN-26AUG07-B97.5|1786086000|0.4900|0.4800|64.22
KXHIGHDEN-26AUG07-B97.5|1786089600|0.4900|0.4800|190.00
KXHIGHDEN-26AUG07-B95.5|1786082400|0.3200|0.3100|0.00
KXHIGHDEN-26AUG07-B95.5|1786086000|0.2800|0.2700|52.90
KXHIGHDEN-26AUG07-B95.5|1786089600|0.3400|0.3300|33.00
KXHIGHDEN-26AUG07-B93.5|1786082400|0.0700|0.0600|10.00
KXHIGHDEN-26AUG07-B93.5|1786086000|0.0600|0.0500|85.00
KXHIGHDEN-26AUG07-B93.5|1786089600|0.0300|0.0200|144.00
KXHIGHCHI-26AUG06-T76|1785992400|0.0500|0.0300|27.63
KXHIGHCHI-26AUG06-T76|1785996000|0.0400|0.0300|84.53
KXHIGHCHI-26AUG06-T76|1785999600|0.0400|0.0300|24.42
KXHIGHCHI-26AUG06-B76.5|1785992400|0.2000|0.1900|374.79
KXHIGHCHI-26AUG06-B76.5|1785996000|0.2300|0.2000|205.88
KXHIGHCHI-26AUG06-B76.5|1785999600|0.2100|0.2000|129.10
KXHIGHCHI-26AUG06-B78.5|1785992400|0.4600|0.4200|417.97
KXHIGHCHI-26AUG06-B78.5|1785996000|0.4300|0.4100|111.02
KXHIGHCHI-26AUG06-B78.5|1785999600|0.4500|0.4100|31.53
KXHIGHCHI-26AUG06-B80.5|1785992400|0.3200|0.3100|295.57
KXHIGHCHI-26AUG06-B80.5|1785996000|0.3200|0.3100|108.16
KXHIGHCHI-26AUG06-B80.5|1785999600|0.3000|0.2900|1243.50
KXHIGHCHI-26AUG06-B82.5|1785992400|0.0500|0.0400|38.94
KXHIGHCHI-26AUG06-B82.5|1785996000|0.0600|0.0500|149.18
KXHIGHCHI-26AUG06-B82.5|1785999600|0.0300|0.0200|444.00
KXHIGHCHI-26AUG06-T83|1785992400|0.0300|0.0200|78.25
KXHIGHCHI-26AUG06-T83|1785996000|0.0300|0.0200|127.20
KXHIGHCHI-26AUG06-T83|1785999600|0.0300|0.0200|0.00
KXHIGHCHI-26AUG05-T79|1785906000|0.0900|0.0600|240.43
KXHIGHCHI-26AUG05-T79|1785909600|0.0900|0.0600|25.00
KXHIGHCHI-26AUG05-T79|1785913200|0.0700|0.0600|50.00
KXHIGHCHI-26AUG05-B79.5|1785906000|0.2700|0.2600|21.00
KXHIGHCHI-26AUG05-B79.5|1785909600|0.2700|0.2600|126.09
KXHIGHCHI-26AUG05-B79.5|1785913200|0.2300|0.2200|217.57
KXHIGHCHI-26AUG05-B81.5|1785906000|0.3900|0.3700|46.00
KXHIGHCHI-26AUG05-B81.5|1785909600|0.3900|0.3700|70.54
KXHIGHCHI-26AUG05-B81.5|1785913200|0.3800|0.3700|103.78
KXHIGHCHI-26AUG05-B83.5|1785906000|0.2100|0.2000|18.00
KXHIGHCHI-26AUG05-B83.5|1785909600|0.2000|0.1900|38.00
KXHIGHCHI-26AUG05-B83.5|1785913200|0.2500|0.2400|473.92
KXHIGHCHI-26AUG05-B85.5|1785906000|0.0900|0.0800|17.58
KXHIGHCHI-26AUG05-B85.5|1785909600|0.0900|0.0800|54.81
KXHIGHCHI-26AUG05-B85.5|1785913200|0.0900|0.0800|10.00
KXHIGHCHI-26AUG05-T86|1785906000|0.0500|0.0400|19.46
KXHIGHCHI-26AUG05-T86|1785909600|0.0500|0.0400|0.00
KXHIGHCHI-26AUG05-T86|1785913200|0.0400|0.0300|227.00
KXHIGHCHI-26AUG04-T81|1785819600|0.0300|0.0200|5.00
KXHIGHCHI-26AUG04-T81|1785823200|0.0300|0.0200|0.00
KXHIGHCHI-26AUG04-T81|1785826800|0.0300|0.0200|73.65
KXHIGHCHI-26AUG04-B81.5|1785819600|0.0600|0.0400|12.00
KXHIGHCHI-26AUG04-B81.5|1785823200|0.0500|0.0400|25.00
KXHIGHCHI-26AUG04-B81.5|1785826800|0.0500|0.0400|75.08
KXHIGHCHI-26AUG04-B83.5|1785819600|0.2700|0.2600|12.00
KXHIGHCHI-26AUG04-B83.5|1785823200|0.2200|0.2100|338.51
KXHIGHCHI-26AUG04-B83.5|1785826800|0.2700|0.2500|1175.80
KXHIGHCHI-26AUG04-B85.5|1785819600|0.5100|0.5000|298.58
KXHIGHCHI-26AUG04-B85.5|1785823200|0.5300|0.5200|90.73
KXHIGHCHI-26AUG04-B85.5|1785826800|0.5300|0.5200|580.54
KXHIGHCHI-26AUG04-B87.5|1785819600|0.1200|0.1100|11.20
KXHIGHCHI-26AUG04-B87.5|1785823200|0.1200|0.1100|26.00
KXHIGHCHI-26AUG04-B87.5|1785826800|0.0700|0.0500|1286.04
KXHIGHCHI-26AUG04-T88|1785819600|0.0400|0.0300|0.00
KXHIGHCHI-26AUG04-T88|1785823200|0.0500|0.0400|0.00
KXHIGHCHI-26AUG04-T88|1785826800|0.0300|0.0200|1149.87
KXHIGHLAX-26AUG06-T76|1785999600|0.0200|0.0100|73.19
KXHIGHLAX-26AUG06-T76|1786003200|0.0200|0.0100|0.00
KXHIGHLAX-26AUG06-T76|1786006800|0.0200|0.0100|0.00
KXHIGHLAX-26AUG06-B76.5|1785999600|0.1800|0.1700|380.47
KXHIGHLAX-26AUG06-B76.5|1786003200|0.1800|0.1500|0.00
KXHIGHLAX-26AUG06-B76.5|1786006800|0.1800|0.1500|0.00
KXHIGHLAX-26AUG06-B78.5|1785999600|0.7100|0.6900|488.29
KXHIGHLAX-26AUG06-B78.5|1786003200|0.7200|0.6800|0.00
KXHIGHLAX-26AUG06-B80.5|1785999600|0.1200|0.1000|286.35
KXHIGHLAX-26AUG06-B80.5|1786003200|0.1700|0.0800|0.00
KXHIGHLAX-26AUG06-B80.5|1786006800|0.1700|0.0800|0.00
KXHIGHLAX-26AUG06-B82.5|1785999600|0.0300|0.0200|73.19
KXHIGHLAX-26AUG06-B82.5|1786003200|0.0300|0.0200|0.00
KXHIGHLAX-26AUG06-T83|1785999600|0.0100|0.0000|0.00
KXHIGHLAX-26AUG06-T83|1786003200|0.0100|0.0000|0.00
KXHIGHLAX-26AUG05-T75|1785913200|0.0200|0.0100|337.04
KXHIGHLAX-26AUG05-T75|1785916800|0.0200|0.0100|202.86
KXHIGHLAX-26AUG05-T75|1785920400|0.0100|0.0000|16.00
KXHIGHLAX-26AUG05-B75.5|1785913200|0.3000|0.2900|1720.93
KXHIGHLAX-26AUG05-B75.5|1785916800|0.3100|0.3000|117.79
KXHIGHLAX-26AUG05-B75.5|1785920400|0.1100|0.1000|7178.35
KXHIGHLAX-26AUG05-B77.5|1785913200|0.6400|0.6200|601.62
KXHIGHLAX-26AUG05-B77.5|1785916800|0.6200|0.6100|170.90
KXHIGHLAX-26AUG05-B77.5|1785920400|0.7200|0.7100|3221.68
KXHIGHLAX-26AUG05-B79.5|1785913200|0.0800|0.0700|993.45
KXHIGHLAX-26AUG05-B79.5|1785916800|0.0900|0.0800|423.09
KXHIGHLAX-26AUG05-B79.5|1785920400|0.1600|0.1500|2903.84
KXHIGHLAX-26AUG05-B81.5|1785913200|0.0100|0.0000|2018.34
KXHIGHLAX-26AUG05-B81.5|1785916800|0.0100|0.0000|552.00
KXHIGHLAX-26AUG05-B81.5|1785920400|0.0100|0.0000|491.86
KXHIGHLAX-26AUG05-T82|1785913200|0.0100|0.0000|748.14
KXHIGHLAX-26AUG05-T82|1785916800|0.0100|0.0000|20.00
KXHIGHLAX-26AUG05-T82|1785920400|0.0100|0.0000|1586.94
KXHIGHLAX-26AUG04-T75|1785826800|0.0100|0.0000|2388.00
KXHIGHLAX-26AUG04-T75|1785830400|0.0100|0.0000|58.00
KXHIGHLAX-26AUG04-T75|1785834000|0.0100|0.0000|0.00
KXHIGHLAX-26AUG04-B75.5|1785826800|0.2100|0.2000|589.11
KXHIGHLAX-26AUG04-B75.5|1785830400|0.1800|0.1700|1325.60
KXHIGHLAX-26AUG04-B75.5|1785834000|0.1800|0.1700|112.50
KXHIGHLAX-26AUG04-B77.5|1785826800|0.6700|0.6500|625.85
KXHIGHLAX-26AUG04-B77.5|1785830400|0.6700|0.6600|456.45
KXHIGHLAX-26AUG04-B77.5|1785834000|0.6800|0.6600|405.93
KXHIGHLAX-26AUG04-B79.5|1785826800|0.1200|0.1100|268.81
KXHIGHLAX-26AUG04-B79.5|1785830400|0.1200|0.1100|181.13
KXHIGHLAX-26AUG04-B79.5|1785834000|0.1500|0.1400|509.84
KXHIGHLAX-26AUG04-B81.5|1785826800|0.0300|0.0200|5.00
KXHIGHLAX-26AUG04-B81.5|1785830400|0.0200|0.0100|360.05
KXHIGHLAX-26AUG04-B81.5|1785834000|0.0300|0.0200|207.66
KXHIGHLAX-26AUG04-T82|1785826800|0.0100|0.0000|640.09
KXHIGHLAX-26AUG04-T82|1785830400|0.0100|0.0000|52.63
KXHIGHLAX-26AUG04-T82|1785834000|0.0100|0.0000|3232.05
KXHIGHMIA-26AUG06-T85|1785988800|0.0100|0.0000|0.00
KXHIGHMIA-26AUG06-T85|1785992400|0.0100|0.0000|0.00
KXHIGHMIA-26AUG06-T85|1785996000|0.0100|0.0000|0.00
KXHIGHMIA-26AUG06-B85.5|1785988800|0.0300|0.0200|58.00
KXHIGHMIA-26AUG06-B85.5|1785992400|0.0200|0.0100|79.72
KXHIGHMIA-26AUG06-B85.5|1785996000|0.0300|0.0200|55.58
KXHIGHMIA-26AUG06-B87.5|1785988800|0.2000|0.1900|51.83
KXHIGHMIA-26AUG06-B87.5|1785992400|0.1900|0.1600|249.70
KXHIGHMIA-26AUG06-B87.5|1785996000|0.2200|0.2000|396.75
KXHIGHMIA-26AUG06-B89.5|1785988800|0.5100|0.5000|124.41
KXHIGHMIA-26AUG06-B89.5|1785992400|0.5100|0.5000|143.04
KXHIGHMIA-26AUG06-B89.5|1785996000|0.5300|0.5000|271.29
KXHIGHMIA-26AUG06-B91.5|1785988800|0.2500|0.2400|167.29
KXHIGHMIA-26AUG06-B91.5|1785992400|0.3100|0.3000|519.33
KXHIGHMIA-26AUG06-B91.5|1785996000|0.2600|0.2500|103.61
KXHIGHMIA-26AUG06-T92|1785988800|0.0400|0.0300|0.00
KXHIGHMIA-26AUG06-T92|1785992400|0.0500|0.0400|170.51
KXHIGHMIA-26AUG06-T92|1785996000|0.0400|0.0300|40.00
KXHIGHMIA-26AUG05-T86|1785902400|0.0200|0.0000|1425.19
KXHIGHMIA-26AUG05-T86|1785906000|0.0200|0.0000|60.85
KXHIGHMIA-26AUG05-T86|1785909600|0.0200|0.0100|48.79
KXHIGHMIA-26AUG05-B86.5|1785902400|0.1000|0.0900|747.72
KXHIGHMIA-26AUG05-B86.5|1785906000|0.0700|0.0600|230.23
KXHIGHMIA-26AUG05-B86.5|1785909600|0.0700|0.0600|918.05
KXHIGHMIA-26AUG05-B88.5|1785902400|0.3200|0.3100|718.42
KXHIGHMIA-26AUG05-B88.5|1785906000|0.2500|0.2400|532.94
KXHIGHMIA-26AUG05-B88.5|1785909600|0.3200|0.3100|1547.70
KXHIGHMIA-26AUG05-B90.5|1785902400|0.4300|0.4200|91.93
KXHIGHMIA-26AUG05-B90.5|1785906000|0.5100|0.5000|834.76
KXHIGHMIA-26AUG05-B90.5|1785909600|0.5000|0.4900|282.34
KXHIGHMIA-26AUG05-B92.5|1785902400|0.1000|0.0900|5.00
KXHIGHMIA-26AUG05-B92.5|1785906000|0.1400|0.1300|648.80
KXHIGHMIA-26AUG05-B92.5|1785909600|0.1300|0.1200|772.33
KXHIGHMIA-26AUG05-T93|1785902400|0.0200|0.0100|0.00
KXHIGHMIA-26AUG05-T93|1785906000|0.0300|0.0200|110.50
KXHIGHMIA-26AUG05-T93|1785909600|0.0300|0.0200|1781.65
KXHIGHMIA-26AUG04-T86|1785816000|0.0100|0.0000|0.00
KXHIGHMIA-26AUG04-T86|1785819600|0.0100|0.0000|0.00
KXHIGHMIA-26AUG04-T86|1785823200|0.0100|0.0000|0.00
KXHIGHMIA-26AUG04-B86.5|1785816000|0.0300|0.0200|157.20
KXHIGHMIA-26AUG04-B86.5|1785819600|0.0300|0.0200|47.00
KXHIGHMIA-26AUG04-B86.5|1785823200|0.0300|0.0200|5.00
KXHIGHMIA-26AUG04-B88.5|1785816000|0.1600|0.1500|25.24
KXHIGHMIA-26AUG04-B88.5|1785819600|0.1600|0.1400|127.43
KXHIGHMIA-26AUG04-B88.5|1785823200|0.1100|0.1000|1009.84
KXHIGHMIA-26AUG04-B90.5|1785816000|0.4600|0.4500|10.17
KXHIGHMIA-26AUG04-B90.5|1785819600|0.4600|0.4500|36.62
KXHIGHMIA-26AUG04-B90.5|1785823200|0.4800|0.4600|94.98
KXHIGHMIA-26AUG04-B92.5|1785816000|0.3500|0.3400|56.52
KXHIGHMIA-26AUG04-B92.5|1785819600|0.3500|0.3400|283.00
KXHIGHMIA-26AUG04-B92.5|1785823200|0.3600|0.3400|73.58
KXHIGHMIA-26AUG04-T93|1785816000|0.0400|0.0300|0.00
KXHIGHMIA-26AUG04-T93|1785819600|0.0500|0.0400|260.00
KXHIGHMIA-26AUG04-T93|1785823200|0.0400|0.0300|471.09
KXHIGHDEN-26AUG06-T92|1785999600|0.0200|0.0100|0.00
KXHIGHDEN-26AUG06-T92|1786003200|0.0200|0.0100|0.00
KXHIGHDEN-26AUG06-B92.5|1785996000|0.0400|0.0200|8.86
KXHIGHDEN-26AUG06-B92.5|1785999600|0.0400|0.0300|1.00
KXHIGHDEN-26AUG06-B92.5|1786003200|0.0500|0.0100|0.00
KXHIGHDEN-26AUG06-B94.5|1785996000|0.2400|0.2200|0.68
KXHIGHDEN-26AUG06-B94.5|1785999600|0.2500|0.2400|1.81
KXHIGHDEN-26AUG06-B94.5|1786003200|0.2500|0.1800|0.00
KXHIGHDEN-26AUG06-B96.5|1785996000|0.4800|0.4700|19.36
KXHIGHDEN-26AUG06-B96.5|1785999600|0.4900|0.4800|57.31
KXHIGHDEN-26AUG06-B96.5|1786003200|0.5000|0.4300|0.00
KXHIGHDEN-26AUG06-B98.5|1785996000|0.2100|0.2000|0.00
KXHIGHDEN-26AUG06-B98.5|1785999600|0.2200|0.2100|0.00
KXHIGHDEN-26AUG06-B98.5|1786003200|0.3000|0.2000|0.00
KXHIGHDEN-26AUG06-T99|1785996000|0.0600|0.0500|0.00
KXHIGHDEN-26AUG06-T99|1785999600|0.0700|0.0600|17.88
KXHIGHDEN-26AUG06-T99|1786003200|0.1900|0.0600|0.00
KXHIGHDEN-26AUG05-T83|1785909600|0.0900|0.0800|0.00
KXHIGHDEN-26AUG05-T83|1785913200|0.0700|0.0600|281.77
KXHIGHDEN-26AUG05-T83|1785916800|0.0200|0.0100|223.20
KXHIGHDEN-26AUG05-B83.5|1785909600|0.1900|0.1800|0.00
KXHIGHDEN-26AUG05-B83.5|1785913200|0.1900|0.1800|26.03
KXHIGHDEN-26AUG05-B83.5|1785916800|0.1900|0.1800|0.00
KXHIGHDEN-26AUG05-B85.5|1785909600|0.4100|0.4000|20.18
KXHIGHDEN-26AUG05-B85.5|1785913200|0.4000|0.3800|47.35
KXHIGHDEN-26AUG05-B85.5|1785916800|0.4400|0.4300|34.77
KXHIGHDEN-26AUG05-B87.5|1785909600|0.2900|0.2800|0.00
KXHIGHDEN-26AUG05-B87.5|1785913200|0.2900|0.2800|18.31
KXHIGHDEN-26AUG05-B87.5|1785916800|0.2700|0.2600|278.40
KXHIGHDEN-26AUG05-B89.5|1785909600|0.1100|0.1000|0.00
KXHIGHDEN-26AUG05-B89.5|1785913200|0.0800|0.0700|8.97
KXHIGHDEN-26AUG05-B89.5|1785916800|0.0600|0.0500|211.00
KXHIGHDEN-26AUG05-T90|1785909600|0.0200|0.0100|0.00
KXHIGHDEN-26AUG05-T90|1785913200|0.0200|0.0100|5.97
KXHIGHDEN-26AUG05-T90|1785916800|0.0200|0.0100|0.00
KXHIGHDEN-26AUG04-T75|1785823200|0.1900|0.1800|13.00
KXHIGHDEN-26AUG04-T75|1785826800|0.2200|0.2100|135.44
KXHIGHDEN-26AUG04-T75|1785830400|0.2000|0.1900|18.43
KXHIGHDEN-26AUG04-B75.5|1785823200|0.2100|0.2000|0.00
KXHIGHDEN-26AUG04-B75.5|1785826800|0.2400|0.2300|205.39
KXHIGHDEN-26AUG04-B75.5|1785830400|0.2400|0.2300|0.00
KXHIGHDEN-26AUG04-B77.5|1785823200|0.3400|0.3200|55.46
KXHIGHDEN-26AUG04-B77.5|1785826800|0.3300|0.3200|71.44
KXHIGHDEN-26AUG04-B77.5|1785830400|0.3500|0.3400|4.00
KXHIGHDEN-26AUG04-B79.5|1785823200|0.2400|0.2300|3.41
KXHIGHDEN-26AUG04-B79.5|1785826800|0.2300|0.2200|104.61
KXHIGHDEN-26AUG04-B79.5|1785830400|0.2200|0.2100|4.12
KXHIGHDEN-26AUG04-B81.5|1785823200|0.0700|0.0600|10.00
KXHIGHDEN-26AUG04-B81.5|1785826800|0.0600|0.0500|27.44
KXHIGHDEN-26AUG04-B81.5|1785830400|0.0600|0.0500|0.00
KXHIGHDEN-26AUG04-T82|1785823200|0.0300|0.0200|0.00
KXHIGHDEN-26AUG04-T82|1785826800|0.0200|0.0100|28.44
KXHIGHDEN-26AUG04-T82|1785830400|0.0200|0.0100|0.00
